-5.12	-5.11	0.0	-0.0001607969987448988
-5.11	-5.1000000000000005	-0.0001607969987448988	-0.00028626489195650306
-5.1000000000000005	-5.09	-0.00028626489195650306	-0.0003841344653504556
-5.09	-5.08	-0.0003841344653504556	-0.0004678866417735031
-5.08	-5.07	-0.0004678866417735031	-0.0005514389972854517
-5.07	-5.0600000000000005	-0.0005514389972854517	-0.0006444576724432462
-5.0600000000000005	-5.05	-0.0006444576724432462	-0.0007500145698828547
-5.05	-5.04	-0.0007500145698828547	-0.0008653873759426013
-5.04	-5.03	-0.0008653873759426013	-0.0009855776180554754
-5.03	-5.0200000000000005	-0.0009855776180554754	-0.0011080455797773357
-5.0200000000000005	-5.01	-0.0011080455797773357	-0.0012366303955400155
-5.01	-5.0	-0.0012366303955400155	-0.00138284824212569
-5.0	-4.99	-0.00138284824212569	-0.0015636809469617083
-4.99	-4.98	-0.0015636809469617083	-0.0017962680307277738
-4.98	-4.97	-0.0017962680307277738	-0.002091137279789705
-4.97	-4.96	-0.002091137279789705	-0.002446306871305889
-4.96	-4.95	-0.002446306871305889	-0.002844493290974506
-4.95	-4.94	-0.002844493290974506	-0.0032547645647336186
-4.94	-4.93	-0.0032547645647336186	-0.0036385677625432504
-4.93	-4.92	-0.0036385677625432504	-0.00395860097538719
-4.92	-4.91	-0.00395860097538719	-0.004187989610539163
-4.91	-4.9	-0.004187989610539163	-0.004317019508312936
-4.9	-4.89	-0.004317019508312936	-0.004355363728138188
-4.89	-4.88	-0.004355363728138188	-0.004329104942995931
-4.88	-4.87	-0.004329104942995931	-0.0042734594888407425
-4.87	-4.86	-0.0042734594888407425	-0.004223427784535198
-4.86	-4.85	-0.004223427784535198	-0.004205198521977575
-4.85	-4.84	-0.004205198521977575	-0.00423082876604057
-4.84	-4.83	-0.00423082876604057	-0.004297618845906854
-4.83	-4.82	-0.004297618845906854	-0.004392072242635682
-4.82	-4.8100000000000005	-0.004392072242635682	-0.0044968840565512164
-4.8100000000000005	-4.8	-0.0044968840565512164	-0.004598507609790754
-4.8	-4.79	-0.004598507609790754	-0.004692784034260699
-4.79	-4.78	-0.004692784034260699	-0.004786878552127727
-4.78	-4.7700000000000005	-0.004786878552127727	-0.004897069936967546
-4.7700000000000005	-4.76	-0.004897069936967546	-0.005043334029107153
-4.76	-4.75	-0.005043334029107153	-0.0052426805232984085
-4.75	-4.74	-0.0052426805232984085	-0.00550352006827697
-4.74	-4.73	-0.00550352006827697	-0.005822880018842916
-4.73	-4.72	-0.005822880018842916	-0.006187241806682395
-4.72	-4.71	-0.006187241806682395	-0.006576522284421036
-4.71	-4.7	-0.006576522284421036	-0.006969700852057508
-4.7	-4.69	-0.006969700852057508	-0.007350141081733202
-4.69	-4.68	-0.007350141081733202	-0.007708896581207186
-4.68	-4.67	-0.007708896581207186	-0.008045106173697405
-4.67	-4.66	-0.008045106173697405	-0.008363658308262316
-4.66	-4.65	-0.008363658308262316	-0.008671247159261526
-4.65	-4.640000000000001	-0.008671247159261526	-0.008972425502676868
-4.640000000000001	-4.63	-0.008972425502676868	-0.009267132538827464
-4.63	-4.62	-0.009267132538827464	-0.009550513740181376
-4.62	-4.61	-0.009550513740181376	-0.009814920291979149
-4.61	-4.6	-0.009814920291979149	-0.010053132099046347
-4.6	-4.59	-0.010053132099046347	-0.010261402636615916
-4.59	-4.58	-0.010261402636615916	-0.010441033216056427
-4.58	-4.57	-0.010441033216056427	-0.010597796558146518
-4.57	-4.5600000000000005	-0.010597796558146518	-0.01073940646476289
-4.5600000000000005	-4.55	-0.01073940646476289	-0.010872036754618616
-4.55	-4.54	-0.010872036754618616	-0.010997320527656377
-4.54	-4.53	-0.010997320527656377	-0.011111142222756477
-4.53	-4.5200000000000005	-0.011111142222756477	-0.011204903110852114
-4.5200000000000005	-4.51	-0.011204903110852114	-0.011269018824665352
-4.51	-4.5	-0.011269018824665352	-0.01129752819792048
-4.5	-4.49	-0.01129752819792048	-0.011292179808950753
-4.49	-4.48	-0.011292179808950753	-0.011264414849358799
-4.48	-4.47	-0.011264414849358799	-0.011234284142113363
-4.47	-4.46	-0.011234284142113363	-0.011226325901702632
-4.46	-4.45	-0.011226325901702632	-0.011263459599525218
-4.45	-4.44	-0.011263459599525218	-0.011360671288265935
-4.44	-4.43	-0.011360671288265935	-0.011520428194815219
-4.43	-4.42	-0.011520428194815219	-0.011731301053801215
-4.42	-4.41	-0.011731301053801215	-0.011970332984483145
-4.41	-4.4	-0.011970332984483145	-0.012208572598907636
-4.4	-4.390000000000001	-0.012208572598907636	-0.012418242536397815
-4.390000000000001	-4.38	-0.012418242536397815	-0.012579538606139515
-4.38	-4.37	-0.012579538606139515	-0.012685189972437408
-4.37	-4.36	-0.012685189972437408	-0.012741601632153599
-4.36	-4.35	-0.012741601632153599	-0.012766418596013383
-4.35	-4.34	-0.012766418596013383	-0.012783375010780737
-4.34	-4.33	-0.012783375010780737	-0.012816011653385405
-4.33	-4.32	-0.012816011653385405	-0.012882061701436295
-4.32	-4.3100000000000005	-0.012882061701436295	-0.012989983250242983
-4.3100000000000005	-4.3	-0.012989983250242983	-0.013138389873799922
-4.3	-4.29	-0.013138389873799922	-0.013318243720403238
-4.29	-4.28	-0.013318243720403238	-0.013516904479231014
-4.28	-4.2700000000000005	-0.013516904479231014	-0.013722689159298359
-4.2700000000000005	-4.26	-0.013722689159298359	-0.013928589264555018
-4.26	-4.25	-0.013928589264555018	-0.014134172707677434
-4.25	-4.24	-0.014134172707677434	-0.014345315292972415
-4.24	-4.23	-0.014345315292972415	-0.014572055646731431
-4.23	-4.22	-0.014572055646731431	-0.01482535847067869
-4.22	-4.21	-0.01482535847067869	-0.015113784865905434
-4.21	-4.2	-0.015113784865905434	-0.015440982414160535
-4.2	-4.19	-0.015440982414160535	-0.015804587482029595
-4.19	-4.18	-0.015804587482029595	-0.016196698572236535
-4.18	-4.17	-0.016196698572236535	-0.01660566371087923
-4.17	-4.16	-0.01660566371087923	-0.017018629439872177
-4.16	-4.15	-0.017018629439872177	-0.01742417579280215
-4.15	-4.140000000000001	-0.01742417579280215	-0.01781440985260501
-4.140000000000001	-4.13	-0.01781440985260501	-0.018186070677656988
-4.13	-4.12	-0.018186070677656988	-0.018540453072741436
-4.12	-4.11	-0.018540453072741436	-0.018882229248776874
-4.11	-4.1	-0.018882229248776874	-0.019217487724033675
-4.1	-4.09	-0.019217487724033675	-0.01955148069872117
-4.09	-4.08	-0.01955148069872117	-0.01988664615107706
-4.08	-4.07	-0.01988664615107706	-0.020221429138812416
-4.07	-4.0600000000000005	-0.020221429138812416	-0.020550261986500194
-4.0600000000000005	-4.05	-0.020550261986500194	-0.020864791879439
-4.05	-4.04	-0.020864791879439	-0.021156114335120428
-4.04	-4.03	-0.021156114335120428	-0.021417459526768358
-4.03	-4.02	-0.021417459526768358	-0.021646578554697177
-4.02	-4.01	-0.021646578554697177	-0.021847070130991346
-4.01	-4.0	-0.021847070130991346	-0.02202811281851092
-4.0	-3.99	-0.02202811281851092	-0.022202493563665097
-3.99	-3.98	-0.022202493563665097	-0.022383345774602388
-3.98	-3.9699999999999998	-0.022383345774602388	-0.022580473414390626
-3.9699999999999998	-3.96	-0.022580473414390626	-0.022797378521425486
-3.96	-3.95	-0.022797378521425486	-0.02303001508473949
-3.95	-3.9400000000000004	-0.02303001508473949	-0.023267847206147833
-3.9400000000000004	-3.93	-0.023267847206147833	-0.023497097316037725
-3.93	-3.92	-0.023497097316037725	-0.02370533327647603
-3.92	-3.91	-0.02370533327647603	-0.02388600533938584
-3.91	-3.9000000000000004	-0.02388600533938584	-0.024041410445021973
-3.9000000000000004	-3.89	-0.024041410445021973	-0.02418292292361075
-3.89	-3.88	-0.02418292292361075	-0.02432811885821667
-3.88	-3.87	-0.02432811885821667	-0.024495415147598162
-3.87	-3.8600000000000003	-0.024495415147598162	-0.024697730574094016
-3.8600000000000003	-3.85	-0.024697730574094016	-0.024937148215633906
-3.85	-3.84	-0.024937148215633906	-0.025202421341384566
-3.84	-3.83	-0.025202421341384566	-0.02547041124662
-3.83	-3.8200000000000003	-0.02547041124662	-0.02571137369997206
-3.8200000000000003	-3.81	-0.02571137369997206	-0.02589677383023009
-3.81	-3.8	-0.02589677383023009	-0.026007407691384907
-3.8	-3.79	-0.026007407691384907	-0.02603935921129714
-3.79	-3.7800000000000002	-0.02603935921129714	-0.026005845948964514
-3.7800000000000002	-3.77	-0.026005845948964514	-0.02593418134460038
-3.77	-3.76	-0.02593418134460038	-0.025858560892835038
-3.76	-3.75	-0.025858560892835038	-0.025810703905547194
-3.75	-3.74	-0.025810703905547194	-0.025811119717335143
-3.74	-3.73	-0.025811119717335143	-0.025863658425169654
-3.73	-3.7199999999999998	-0.025863658425169654	-0.0259550570664306
-3.7199999999999998	-3.71	-0.0259550570664306	-0.026059680094838993
-3.71	-3.7	-0.026059680094838993	-0.026148045635280323
-3.7	-3.6900000000000004	-0.026148045635280323	-0.026196536421056647
-3.6900000000000004	-3.68	-0.026196536421056647	-0.02619530385992928
-3.68	-3.67	-0.02619530385992928	-0.026151920904401976
-3.67	-3.66	-0.026151920904401976	-0.026089659405576268
-3.66	-3.6500000000000004	-0.026089659405576268	-0.02604094435278442
-3.6500000000000004	-3.64	-0.02604094435278442	-0.026038036408249556
-3.64	-3.63	-0.026038036408249556	-0.026103836018373874
-3.63	-3.62	-0.026103836018373874	-0.026245619690333243
-3.62	-3.6100000000000003	-0.026245619690333243	-0.02645354456062732
-3.6100000000000003	-3.6	-0.02645354456062732	-0.026704213777805037
-3.6	-3.59	-0.026704213777805037	-0.02696798872589103
-3.59	-3.58	-0.02696798872589103	-0.027217587497924117
-3.58	-3.5700000000000003	-0.027217587497924117	-0.027435189070830267
-3.5700000000000003	-3.56	-0.027435189070830267	-0.02761585974480066
-3.56	-3.55	-0.02761585974480066	-0.02776641858707903
-3.55	-3.54	-0.02776641858707903	-0.027900416999949555
-3.54	-3.5300000000000002	-0.027900416999949555	-0.02803119872053192
-3.5300000000000002	-3.52	-0.02803119872053192	-0.028165601085693978
-3.52	-3.51	-0.028165601085693978	-0.02830056597481783
-3.51	-3.5	-0.02830056597481783	-0.028423860424997976
-3.5	-3.49	-0.028423860424997976	-0.028518635001311424
-3.49	-3.48	-0.028518635001311424	-0.028570179104657527
-3.48	-3.4699999999999998	-0.028570179104657527	-0.028572435012404748
-3.4699999999999998	-3.46	-0.028572435012404748	-0.02853187882750796
-3.46	-3.45	-0.02853187882750796	-0.02846725147643099
-3.45	-3.4400000000000004	-0.02846725147643099	-0.02840503006644833
-3.4400000000000004	-3.43	-0.02840503006644833	-0.028371992749192092
-3.43	-3.42	-0.028371992749192092	-0.028387253289358382
-3.42	-3.41	-0.028387253289358382	-0.02845637728002756
-3.41	-3.4000000000000004	-0.02845637728002756	-0.02856955707695957
-3.4000000000000004	-3.39	-0.02856955707695957	-0.028704525020318814
-3.39	-3.38	-0.028704525020318814	-0.02883335302706037
-3.38	-3.37	-0.02883335302706037	-0.028931026654452244
-3.37	-3.3600000000000003	-0.028931026654452244	-0.028983107187611438
-3.3600000000000003	-3.35	-0.028983107187611438	-0.028990092056826525
-3.35	-3.34	-0.028990092056826525	-0.028967150200926578
-3.34	-3.33	-0.028967150200926578	-0.028939391826030517
-3.33	-3.3200000000000003	-0.028939391826030517	-0.028934245927816904
-3.3200000000000003	-3.31	-0.028934245927816904	-0.028973407047819727
-3.31	-3.3	-0.028973407047819727	-0.02906689580540889
-3.3	-3.29	-0.02906689580540889	-0.029211042630225458
-3.29	-3.2800000000000002	-0.029211042630225458	-0.029390903315783996
-3.2800000000000002	-3.27	-0.029390903315783996	-0.029586179387524888
-3.27	-3.26	-0.029586179387524888	-0.029778611341463954
-3.26	-3.25	-0.029778611341463954	-0.02995838694009448
-3.25	-3.24	-0.02995838694009448	-0.030127481152629317
-3.24	-3.23	-0.030127481152629317	-0.03029887957107842
-3.23	-3.2199999999999998	-0.03029887957107842	-0.030491985103121073
-3.2199999999999998	-3.21	-0.030491985103121073	-0.030725729581140504
-3.21	-3.2	-0.030725729581140504	-0.03101162169871834
-3.2	-3.1900000000000004	-0.03101162169871834	-0.03134894935605055
-3.1900000000000004	-3.18	-0.03134894935605055	-0.03172364352848084
-3.18	-3.17	-0.03172364352848084	-0.03211114765831413
-3.17	-3.16	-0.03211114765831413	-0.03248240057236862
-3.16	-3.1500000000000004	-0.03248240057236862	-0.032811119590897005
-3.1500000000000004	-3.14	-0.032811119590897005	-0.03308023684825499
-3.14	-3.13	-0.03308023684825499	-0.033285673514145506
-3.13	-3.12	-0.033285673514145506	-0.03343650069272138
-3.12	-3.11	-0.03343650069272138	-0.03355164112348678
-3.11	-3.1	-0.03355164112348678	-0.03365426244775571
-3.1	-3.09	-0.03365426244775571	-0.03376560445313648
-3.09	-3.08	-0.03376560445313648	-0.033900015813412405
-3.08	-3.0700000000000003	-0.033900015813412405	-0.03406247836938897
-3.0700000000000003	-3.06	-0.03406247836938897	-0.034249057817578046
-3.06	-3.0500000000000003	-0.034249057817578046	-0.03444981892288861
-3.0500000000000003	-3.04	-0.03444981892288861	-0.03465305910384406
-3.04	-3.0300000000000002	-0.03465305910384406	-0.034849436490004417
-3.0300000000000002	-3.02	-0.034849436490004417	-0.03503474733490104
-3.02	-3.0100000000000002	-0.03503474733490104	-0.035210648693353
-3.0100000000000002	-3.0	-0.035210648693353	-0.03538332797088903
-3.0	-2.99	-0.03538332797088903	-0.03556076024300769
-2.99	-2.98	-0.03556076024300769	-0.03574957674487561
-2.98	-2.97	-0.03574957674487561	-0.03595259903771794
-2.97	-2.96	-0.03595259903771794	-0.036167794669932134
-2.96	-2.95	-0.036167794669932134	-0.036388902164532194
-2.95	-2.94	-0.036388902164532194	-0.036607429189162294
-2.94	-2.93	-0.036607429189162294	-0.036815316202598494
-2.93	-2.92	-0.036815316202598494	-0.03700739183432181
-2.92	-2.91	-0.03700739183432181	-0.037182855174734526
-2.91	-2.9	-0.037182855174734526	-0.03734534959379131
-2.9	-2.89	-0.03734534959379131	-0.037501629138637436
-2.89	-2.88	-0.037501629138637436	-0.03765922866197387
-2.88	-2.87	-0.03765922866197387	-0.037823819742295546
-2.87	-2.86	-0.037823819742295546	-0.03799700304141559
-2.86	-2.85	-0.03799700304141559	-0.03817515192588619
-2.85	-2.84	-0.03817515192588619	-0.038349633799170904
-2.84	-2.83	-0.038349633799170904	-0.03850837979827802
-2.83	-2.82	-0.03850837979827802	-0.03863844267269717
-2.82	-2.81	-0.03863844267269717	-0.03872895285812802
-2.81	-2.8000000000000003	-0.03872895285812802	-0.038773798416995256
-2.8000000000000003	-2.79	-0.038773798416995256	-0.03877342333608064
-2.79	-2.7800000000000002	-0.03877342333608064	-0.03873533552018979
-2.7800000000000002	-2.77	-0.03873533552018979	-0.03867319247434502
-2.77	-2.7600000000000002	-0.03867319247434502	-0.03860462974314205
-2.7600000000000002	-2.75	-0.03860462974314205	-0.03854825555303326
-2.75	-2.74	-0.03854825555303326	-0.038520405420135184
-2.74	-2.73	-0.038520405420135184	-0.038532300381311814
-2.73	-2.72	-0.038532300381311814	-0.03858817160552625
-2.72	-2.71	-0.03858817160552625	-0.03868471650177313
-2.71	-2.7	-0.03868471650177313	-0.03881197464913265
-2.7	-2.69	-0.03881197464913265	-0.038955411885752946
-2.69	-2.68	-0.038955411885752946	-0.039098742238501245
-2.68	-2.67	-0.039098742238501245	-0.03922685975149237
-2.67	-2.66	-0.03922685975149237	-0.03932823606858281
-2.66	-2.65	-0.03932823606858281	-0.03939627411972009
-2.65	-2.64	-0.03939627411972009	-0.03942936632848268
-2.64	-2.63	-0.03942936632848268	-0.039429727672511156
-2.63	-2.62	-0.039429727672511156	-0.03940138044373405
-2.62	-2.61	-0.03940138044373405	-0.03934787959655486
-2.61	-2.6	-0.03934787959655486	-0.03927042751538226
-2.6	-2.59	-0.03927042751538226	-0.03916691554368256
-2.59	-2.58	-0.03916691554368256	-0.03903217283145638
-2.58	-2.57	-0.03903217283145638	-0.03885936739011961
-2.57	-2.56	-0.03885936739011961	-0.03864217960065846
-2.56	-2.5500000000000003	-0.03864217960065846	-0.03837714407444778
-2.5500000000000003	-2.54	-0.03837714407444778	-0.038065495465940125
-2.54	-2.5300000000000002	-0.038065495465940125	-0.037713977244057575
-2.5300000000000002	-2.52	-0.037713977244057575	-0.03733434838164487
-2.52	-2.5100000000000002	-0.03733434838164487	-0.0369416768260189
-2.5100000000000002	-2.5	-0.0369416768260189	-0.03655184231511559
-2.5	-2.49	-0.03655184231511559	-0.03617889000628123
-2.49	-2.48	-0.03617889000628123	-0.035832916381396206
-2.48	-2.47	-0.035832916381396206	-0.035519015509481146
-2.47	-2.46	-0.035519015509481146	-0.03523750782387391
-2.46	-2.45	-0.03523750782387391	-0.03498530134579378
-2.45	-2.44	-0.03498530134579378	-0.03475790506580957
-2.44	-2.43	-0.03475790506580957	-0.0345514256100407
-2.43	-2.42	-0.0345514256100407	-0.03436389259998944
-2.42	-2.41	-0.03436389259998944	-0.034195478011670284
-2.41	-2.4	-0.034195478011670284	-0.03404754060082967
-2.4	-2.39	-0.03404754060082967	-0.0339208301532816
-2.39	-2.38	-0.0339208301532816	-0.03381350158636239
-2.38	-2.37	-0.03381350158636239	-0.033719708539176246
-2.37	-2.36	-0.033719708539176246	-0.033629416640440404
-2.36	-2.35	-0.033629416640440404	-0.03352971962051656
-2.35	-2.34	-0.03352971962051656	-0.0334074529468512
-2.34	-2.33	-0.0334074529468512	-0.03325242686220034
-2.33	-2.32	-0.03325242686220034	-0.03306029992763422
-2.32	-2.31	-0.03306029992763422	-0.03283410203425332
-2.31	-2.3000000000000003	-0.03283410203425332	-0.032583727985111346
-2.3000000000000003	-2.29	-0.032583727985111346	-0.0323232940670431
-2.29	-2.2800000000000002	-0.0323232940670431	-0.032066925033535525
-2.2800000000000002	-2.27	-0.032066925033535525	-0.03182411201894861
-2.27	-2.2600000000000002	-0.03182411201894861	-0.031596058004807484
-2.2600000000000002	-2.25	-0.031596058004807484	-0.0313742854898196
-2.25	-2.24	-0.0313742854898196	-0.031142220309280464
-2.24	-2.23	-0.031142220309280464	-0.030879618364129856
-2.23	-2.22	-0.030879618364129856	-0.030568804743391964
-2.22	-2.21	-0.030568804743391964	-0.03020102294882689
-2.21	-2.2	-0.03020102294882689	-0.029780976818516207
-2.2	-2.19	-0.029780976818516207	-0.029327998848584412
-2.19	-2.18	-0.029327998848584412	-0.028873138561616937
-2.18	-2.17	-0.028873138561616937	-0.02845261298207747
-2.17	-2.16	-0.02845261298207747	-0.02809917074305808
-2.16	-2.15	-0.02809917074305808	-0.027833651732272945
-2.15	-2.14	-0.027833651732272945	-0.027659127964022014
-2.14	-2.13	-0.027659127964022014	-0.027559417066009246
-2.13	-2.12	-0.027559417066009246	-0.027502605341111958
-2.12	-2.11	-0.027502605341111958	-0.02744881954922021
-2.11	-2.1	-0.02744881954922021	-0.027360252190147875
-2.1	-2.09	-0.027360252190147875	-0.027210749320400063
-2.09	-2.08	-0.027210749320400063	-0.026992338604789782
-2.08	-2.07	-0.026992338604789782	-0.026716908971159834
-2.07	-2.06	-0.026716908971159834	-0.02641261933786114
-2.06	-2.05	-0.02641261933786114	-0.026116111990541015
-2.05	-2.04	-0.026116111990541015	-0.025862788310971597
-2.04	-2.0300000000000002	-0.025862788310971597	-0.0256779137793322
-2.0300000000000002	-2.02	-0.0256779137793322	-0.025571002622402753
-2.02	-2.0100000000000002	-0.025571002622402753	-0.025534891793046466
-2.0100000000000002	-2.0	-0.025534891793046466	-0.025549475452850186
-2.0	-1.9900000000000002	-0.025549475452850186	-0.025588683816611408
-1.9900000000000002	-1.98	-0.025588683816611408	-0.025628383549447836
-1.98	-1.9700000000000002	-0.025628383549447836	-0.025652723783127232
-1.9700000000000002	-1.96	-0.025652723783127232	-0.02565708164708622
-1.96	-1.9500000000000002	-0.02565708164708622	-0.025646951867346845
-1.9500000000000002	-1.94	-0.025646951867346845	-0.02563347685328309
-1.94	-1.9300000000000002	-0.02563347685328309	-0.025627381797678615
-1.9300000000000002	-1.92	-0.025627381797678615	-0.025633520087868636
-1.92	-1.9100000000000001	-0.025633520087868636	-0.025647918237293222
-1.9100000000000001	-1.9	-0.025647918237293222	-0.025658262042862676
-1.9	-1.8900000000000001	-0.025658262042862676	-0.02564752262765338
-1.8900000000000001	-1.88	-0.02564752262765338	-0.025599313666304486
-1.88	-1.87	-0.025599313666304486	-0.025502979183860342
-1.87	-1.8599999999999999	-0.025502979183860342	-0.025356534312635737
-1.8599999999999999	-1.85	-0.025356534312635737	-0.025166371183271138
-1.85	-1.8399999999999999	-0.025166371183271138	-0.024943820363012605
-1.8399999999999999	-1.83	-0.024943820363012605	-0.0246998122777492
-1.83	-1.8199999999999998	-0.0246998122777492	-0.02443960777353369
-1.8199999999999998	-1.81	-0.02443960777353369	-0.02415960421060594
-1.81	-1.7999999999999998	-0.02415960421060594	-0.023847551134578343
-1.7999999999999998	-1.79	-0.023847551134578343	-0.023486350051906656
-1.79	-1.7800000000000002	-0.023486350051906656	-0.023060357903206173
-1.7800000000000002	-1.77	-0.023060357903206173	-0.022562191463775368
-1.77	-1.7600000000000002	-0.022562191463775368	-0.02199775880076053
-1.7600000000000002	-1.75	-0.02199775880076053	-0.021387725201681754
-1.75	-1.7400000000000002	-0.021387725201681754	-0.020764703929213417
-1.7400000000000002	-1.73	-0.020764703929213417	-0.020166795213443924
-1.73	-1.7200000000000002	-0.020166795213443924	-0.019629246195973594
-1.7200000000000002	-1.71	-0.019629246195973594	-0.019176599051387737
-1.71	-1.7000000000000002	-0.019176599051387737	-0.01881754842080564
-1.7000000000000002	-1.69	-0.01881754842080564	-0.01854390056214443
-1.69	-1.6800000000000002	-0.01854390056214443	-0.018333792940986776
-1.6800000000000002	-1.67	-0.018333792940986776	-0.0181580948625443
-1.67	-1.6600000000000001	-0.0181580948625443	-0.017988055136191027
-1.6600000000000001	-1.65	-0.017988055136191027	-0.017802040013889832
-1.65	-1.6400000000000001	-0.017802040013889832	-0.01758964651598935
-1.6400000000000001	-1.63	-0.01758964651598935	-0.017352399176267554
-1.63	-1.62	-0.017352399176267554	-0.017101314305207553
-1.62	-1.6099999999999999	-0.017101314305207553	-0.01685249022948268
-1.6099999999999999	-1.6	-0.01685249022948268	-0.01662229333788523
-1.6	-1.5899999999999999	-0.01662229333788523	-0.016423572436698723
-1.5899999999999999	-1.58	-0.016423572436698723	-0.01626375452881581
-1.58	-1.5699999999999998	-0.01626375452881581	-0.016144901572382287
-1.5699999999999998	-1.56	-0.016144901572382287	-0.01606513164294155
-1.56	-1.5499999999999998	-0.01606513164294155	-0.016020457586776164
-1.5499999999999998	-1.54	-0.016020457586776164	-0.01600615940301374
-1.54	-1.5300000000000002	-0.01600615940301374	-0.016017208846377244
-1.5300000000000002	-1.52	-0.016017208846377244	-0.01604780935662539
-1.52	-1.5100000000000002	-0.01604780935662539	-0.01609056548842306
-1.5100000000000002	-1.5	-0.01609056548842306	-0.016135972095378467
-1.5	-1.4900000000000002	-0.016135972095378467	-0.01617275589151538
-1.4900000000000002	-1.48	-0.01617275589151538	-0.01618919245162452
-1.48	-1.4700000000000002	-0.01618919245162452	-0.016175044579151164
-1.4700000000000002	-1.46	-0.016175044579151164	-0.016123432757342303
-1.46	-1.4500000000000002	-0.016123432757342303	-0.01603190379149175
-1.4500000000000002	-1.44	-0.01603190379149175	-0.015902237054036643
-1.44	-1.4300000000000002	-0.015902237054036643	-0.015739013327293983
-1.4300000000000002	-1.42	-0.015739013327293983	-0.015547472406379652
-1.42	-1.4100000000000001	-0.015547472406379652	-0.01533149349821869
-1.4100000000000001	-1.4	-0.01533149349821869	-0.01509251087974085
-1.4	-1.3900000000000001	-0.01509251087974085	-0.014829820213506859
-1.3900000000000001	-1.38	-0.014829820213506859	-0.014542169075617983
-1.38	-1.37	-0.014542169075617983	-0.014229978315691609
-1.37	-1.3599999999999999	-0.014229978315691609	-0.013897232761799206
-1.3599999999999999	-1.35	-0.013897232761799206	-0.01355214925416759
-1.35	-1.3399999999999999	-0.01355214925416759	-0.013206171477776366
-1.3399999999999999	-1.33	-0.013206171477776366	-0.012871499962533131
-1.33	-1.3199999999999998	-0.012871499962533131	-0.012557991788878523
-1.3199999999999998	-1.31	-0.012557991788878523	-0.012270605504146923
-1.31	-1.2999999999999998	-0.012270605504146923	-0.012008466209771031
-1.2999999999999998	-1.29	-0.012008466209771031	-0.01176608968440069
-1.29	-1.2800000000000002	-0.01176608968440069	-0.011536508042826295
-1.2800000000000002	-1.27	-0.011536508042826295	-0.011315270109727972
-1.27	-1.2600000000000002	-0.011315270109727972	-0.011103844021729483
-1.2600000000000002	-1.25	-0.011103844021729483	-0.01091102197610346
-1.25	-1.2400000000000002	-0.01091102197610346	-0.010751530887168279
-1.2400000000000002	-1.23	-0.010751530887168279	-0.010642004913983528
-1.23	-1.2200000000000002	-0.010642004913983528	-0.010595453360524507
-1.2200000000000002	-1.21	-0.010595453360524507	-0.01061600796360994
-1.21	-1.2000000000000002	-0.01061600796360994	-0.010695801810714153
-1.2000000000000002	-1.19	-0.010695801810714153	-0.010815256724170106
-1.19	-1.1800000000000002	-0.010815256724170106	-0.010947000526300571
-1.1800000000000002	-1.17	-0.010947000526300571	-0.011062440483250176
-1.17	-1.1600000000000001	-0.011062440483250176	-0.011139088539051326
-1.1600000000000001	-1.15	-0.011139088539051326	-0.011166396341658514
-1.15	-1.1400000000000001	-0.011166396341658514	-0.011148249723137639
-1.1400000000000001	-1.13	-0.011148249723137639	-0.01110128422094022
-1.13	-1.12	-0.01110128422094022	-0.011049492726609895
-1.12	-1.1100000000000003	-0.011049492726609895	-0.01101677346123665
-1.1100000000000003	-1.0999999999999996	-0.01101677346123665	-0.011019719352665205
-1.0999999999999996	-1.0899999999999999	-0.011019719352665205	-0.011062858996855371
-1.0899999999999999	-1.08	-0.011062858996855371	-0.011137753733186078
-1.08	-1.0700000000000003	-0.011137753733186078	-0.011226103770926551
-1.0700000000000003	-1.0599999999999996	-0.011226103770926551	-0.011305736272163608
-1.0599999999999996	-1.0499999999999998	-0.011305736272163608	-0.011357463788257801
-1.0499999999999998	-1.04	-0.011357463788257801	-0.011370598783909785
-1.04	-1.0300000000000002	-0.011370598783909785	-0.011345441714522923
-1.0300000000000002	-1.0200000000000005	-0.011345441714522923	-0.011292129913763719
-1.0200000000000005	-1.0099999999999998	-0.011292129913763719	-0.011226467777979475
-1.0099999999999998	-1.0	-0.011226467777979475	-0.011164333614066239
-1.0	-0.9900000000000002	-0.011164333614066239	-0.011116651650945202
-0.9900000000000002	-0.9800000000000004	-0.011116651650945202	-0.011086613418063938
-0.9800000000000004	-0.9699999999999998	-0.011086613418063938	-0.011069958595523748
-0.9699999999999998	-0.96	-0.011069958595523748	-0.011058003071459821
-0.96	-0.9500000000000002	-0.011058003071459821	-0.011042130884588275
-0.9500000000000002	-0.9400000000000004	-0.011042130884588275	-0.011017983831256831
-0.9400000000000004	-0.9299999999999997	-0.011017983831256831	-0.010987745758299996
-0.9299999999999997	-0.9199999999999999	-0.010987745758299996	-0.010959655689418944
-0.9199999999999999	-0.9100000000000001	-0.010959655689418944	-0.010944922550822328
-0.9100000000000001	-0.9000000000000004	-0.010944922550822328	-0.01095318125866124
-0.9000000000000004	-0.8899999999999997	-0.01095318125866124	-0.01098818399363979
-0.8899999999999997	-0.8799999999999999	-0.01098818399363979	-0.011045370664100492
-0.8799999999999999	-0.8700000000000001	-0.011045370664100492	-0.011112331718296032
-0.8700000000000001	-0.8600000000000003	-0.011112331718296032	-0.011172188802817276
-0.8600000000000003	-0.8499999999999996	-0.011172188802817276	-0.011208917596486297
-0.8499999999999996	-0.8399999999999999	-0.011208917596486297	-0.011212963554304987
-0.8399999999999999	-0.8300000000000001	-0.011212963554304987	-0.011185376971099809
-0.8300000000000001	-0.8200000000000003	-0.011185376971099809	-0.011139148767893322
-0.8200000000000003	-0.8099999999999996	-0.011139148767893322	-0.011097297361253181
-0.8099999999999996	-0.7999999999999998	-0.011097297361253181	-0.011088242747603907
-0.7999999999999998	-0.79	-0.011088242747603907	-0.011139783834708821
-0.79	-0.7800000000000002	-0.011139783834708821	-0.011273331048250786
-0.7800000000000002	-0.7699999999999996	-0.011273331048250786	-0.011499860567162231
-0.7699999999999996	-0.7599999999999998	-0.011499860567162231	-0.011818448080486495
-0.7599999999999998	-0.75	-0.011818448080486495	-0.012217438771597776
-0.75	-0.7400000000000002	-0.012217438771597776	-0.01267758963442401
-0.7400000000000002	-0.7300000000000004	-0.01267758963442401	-0.013176099885861364
-0.7300000000000004	-0.7199999999999998	-0.013176099885861364	-0.013690420246550872
-0.7199999999999998	-0.71	-0.013690420246550872	-0.01420105135528471
-0.71	-0.7000000000000002	-0.01420105135528471	-0.01469304133666042
-0.7000000000000002	-0.6900000000000004	-0.01469304133666042	-0.015156365966034403
-0.6900000000000004	-0.6799999999999997	-0.015156365966034403	-0.015585653641250585
-0.6799999999999997	-0.6699999999999999	-0.015585653641250585	-0.01597973098915547
-0.6699999999999999	-0.6600000000000001	-0.01597973098915547	-0.01634125821091558
-0.6600000000000001	-0.6500000000000004	-0.01634125821091558	-0.016676427615876045
-0.6500000000000004	-0.6399999999999997	-0.016676427615876045	-0.0169944712228802
-0.6399999999999997	-0.6299999999999999	-0.0169944712228802	-0.01730667872885667
-0.6299999999999999	-0.6200000000000001	-0.01730667872885667	-0.01762479109733932
-0.6200000000000001	-0.6100000000000003	-0.01762479109733932	-0.01795893500078892
-0.6100000000000003	-0.5999999999999996	-0.01795893500078892	-0.018315561105350507
-0.5999999999999996	-0.5899999999999999	-0.018315561105350507	-0.01869600008562353
-0.5899999999999999	-0.5800000000000001	-0.01869600008562353	-0.019096165391898158
-0.5800000000000001	-0.5700000000000003	-0.019096165391898158	-0.019507617671095257
-0.5700000000000003	-0.5599999999999996	-0.019507617671095257	-0.019919765556646107
-0.5599999999999996	-0.5499999999999998	-0.019919765556646107	-0.020322573248502826
-0.5499999999999998	-0.54	-0.020322573248502826	-0.02070893521688339
-0.54	-0.5300000000000002	-0.02070893521688339	-0.021075954596810054
-0.5300000000000002	-0.5199999999999996	-0.021075954596810054	-0.02142471209212251
-0.5199999999999996	-0.5099999999999998	-0.02142471209212251	-0.021758621029079602
-0.5099999999999998	-0.5	-0.021758621029079602	-0.022080953728657947
-0.5	-0.4900000000000002	-0.022080953728657947	-0.022392419336866424
-0.4900000000000002	-0.4800000000000004	-0.022392419336866424	-0.02268966578916401
-0.4800000000000004	-0.46999999999999975	-0.02268966578916401	-0.02296526835952065
-0.46999999999999975	-0.45999999999999996	-0.02296526835952065	-0.023209261921266544
-0.45999999999999996	-0.4500000000000002	-0.023209261921266544	-0.023411749991451944
-0.4500000000000002	-0.4400000000000004	-0.023411749991451944	-0.02356576178187817
-0.4400000000000004	-0.4299999999999997	-0.02356576178187817	-0.02366944945109393
-0.4299999999999997	-0.41999999999999993	-0.02366944945109393	-0.02372694018977376
-0.41999999999999993	-0.41000000000000014	-0.02372694018977376	-0.023747594897724628
-0.41000000000000014	-0.40000000000000036	-0.023747594897724628	-0.023743919850139017
-0.40000000000000036	-0.3899999999999997	-0.023743919850139017	-0.023728761716525326
-0.3899999999999997	-0.3799999999999999	-0.023728761716525326	-0.02371257118204944
-0.3799999999999999	-0.3700000000000001	-0.02371257118204944	-0.023701417006213532
-0.3700000000000001	-0.3600000000000003	-0.023701417006213532	-0.023696134665719883
-0.3600000000000003	-0.34999999999999964	-0.023696134665719883	-0.023692627827895222
-0.34999999999999964	-0.33999999999999986	-0.023692627827895222	-0.023683042072707463
-0.33999999999999986	-0.33000000000000007	-0.023683042072707463	-0.02365739027373777
-0.33000000000000007	-0.3200000000000003	-0.02365739027373777	-0.023605244258145638
-0.3200000000000003	-0.3099999999999996	-0.023605244258145638	-0.02351725983074978
-0.3099999999999996	-0.2999999999999998	-0.02351725983074978	-0.02338647169606589
-0.2999999999999998	-0.29000000000000004	-0.02338647169606589	-0.023209387295512245
-0.29000000000000004	-0.28000000000000025	-0.023209387295512245	-0.022986880518241836
-0.28000000000000025	-0.2699999999999996	-0.022986880518241836	-0.022724764780617298
-0.2699999999999996	-0.2599999999999998	-0.022724764780617298	-0.022433795459534403
-0.2599999999999998	-0.25	-0.022433795459534403	-0.022128817175659763
-0.25	-0.2400000000000002	-0.022128817175659763	-0.021826901243885904
-0.2400000000000002	-0.23000000000000043	-0.021826901243885904	-0.02154460827065652
-0.23000000000000043	-0.21999999999999975	-0.02154460827065652	-0.02129487234665535
-0.21999999999999975	-0.20999999999999996	-0.02129487234665535	-0.02108429218397559
-0.20999999999999996	-0.20000000000000018	-0.02108429218397559	-0.02091168597613139
-0.20000000000000018	-0.1900000000000004	-0.02091168597613139	-0.02076853854863015
-0.1900000000000004	-0.17999999999999972	-0.02076853854863015	-0.02064146688250084
-0.17999999999999972	-0.16999999999999993	-0.02064146688250084	-0.020516192136666868
-0.16999999999999993	-0.16000000000000014	-0.020516192136666868	-0.020381945807336488
-0.16000000000000014	-0.15000000000000036	-0.020381945807336488	-0.020234968514053438
-0.15000000000000036	-0.13999999999999968	-0.020234968514053438	-0.020079915424970663
-0.13999999999999968	-0.1299999999999999	-0.020079915424970663	-0.019928556476439124
-0.1299999999999999	-0.1200000000000001	-0.019928556476439124	-0.019795995110908543
-0.1200000000000001	-0.11000000000000032	-0.019795995110908543	-0.01969546145928234
-0.11000000000000032	-0.09999999999999964	-0.01969546145928234	-0.019633278994639257
-0.09999999999999964	-0.08999999999999986	-0.019633278994639257	-0.019605651627875496
-0.08999999999999986	-0.08000000000000007	-0.019605651627875496	-0.01959842310021817
-0.08000000000000007	-0.07000000000000028	-0.01959842310021817	-0.019590058996486123
-0.07000000000000028	-0.05999999999999961	-0.019590058996486123	-0.019557076905840458
-0.05999999999999961	-0.04999999999999982	-0.019557076905840458	-0.019480339975254772
-0.04999999999999982	-0.040000000000000036	-0.019480339975254772	-0.019350310666565215
-0.040000000000000036	-0.03000000000000025	-0.019350310666565215	-0.019169653754725242
-0.03000000000000025	-0.019999999999999574	-0.019169653754725242	-0.01895239524224782
-0.019999999999999574	-0.009999999999999787	-0.01895239524224782	-0.0187199223065073
-0.009999999999999787	0.0	-0.0187199223065073	-0.018495092668951253
0.0	0.009999999999999787	-0.018495092668951253	-0.018296283999455216
0.009999999999999787	0.019999999999999574	-0.018296283999455216	-0.01813317189896961
0.019999999999999574	0.03000000000000025	-0.01813317189896961	-0.01800540168792002
0.03000000000000025	0.040000000000000036	-0.01800540168792002	-0.01790433573346744
0.040000000000000036	0.04999999999999982	-0.01790433573346744	-0.017817055639863303
0.04999999999999982	0.05999999999999961	-0.017817055639863303	-0.017731118710903514
0.05999999999999961	0.07000000000000028	-0.017731118710903514	-0.01763843258464802
0.07000000000000028	0.08000000000000007	-0.01763843258464802	-0.01753704674598861
0.08000000000000007	0.08999999999999986	-0.01753704674598861	-0.017430488606749374
0.08999999999999986	0.09999999999999964	-0.017430488606749374	-0.017325183231615634
0.09999999999999964	0.11000000000000032	-0.017325183231615634	-0.01722715678187519
0.11000000000000032	0.1200000000000001	-0.01722715678187519	-0.01713940160944131
0.1200000000000001	0.1299999999999999	-0.01713940160944131	-0.017060926454015402
0.1299999999999999	0.13999999999999968	-0.017060926454015402	-0.01698777820418218
0.13999999999999968	0.15000000000000036	-0.01698777820418218	-0.01691549311130118
0.15000000000000036	0.16000000000000014	-0.01691549311130118	-0.016841837366719077
0.16000000000000014	0.16999999999999993	-0.016841837366719077	-0.016768561832983073
0.16999999999999993	0.17999999999999972	-0.016768561832983073	-0.016701278283400324
0.17999999999999972	0.1900000000000004	-0.016701278283400324	-0.016647320836647446
0.1900000000000004	0.20000000000000018	-0.016647320836647446	-0.016612296865650786
0.20000000000000018	0.20999999999999996	-0.016612296865650786	-0.016596629639653804
0.20999999999999996	0.21999999999999975	-0.016596629639653804	-0.016593509446527904
0.21999999999999975	0.23000000000000043	-0.016593509446527904	-0.01658923864545314
0.23000000000000043	0.2400000000000002	-0.01658923864545314	-0.016566122250711215
0.2400000000000002	0.25	-0.016566122250711215	-0.016507118450917957
0.25	0.2599999999999998	-0.016507118450917957	-0.016400769494971414
0.2599999999999998	0.2699999999999996	-0.016400769494971414	-0.0162447484483959
0.2699999999999996	0.28000000000000025	-0.0162447484483959	-0.01604676614967573
0.28000000000000025	0.29000000000000004	-0.01604676614967573	-0.015822453817470276
0.29000000000000004	0.2999999999999998	-0.015822453817470276	-0.015590866707295592
0.2999999999999998	0.3099999999999996	-0.015590866707295592	-0.015369075705309314
0.3099999999999996	0.3200000000000003	-0.015369075705309314	-0.015167628952800848
0.3200000000000003	0.33000000000000007	-0.015167628952800848	-0.014988355854249256
0.33000000000000007	0.33999999999999986	-0.014988355854249256	-0.014825157196004649
0.33999999999999986	0.34999999999999964	-0.014825157196004649	-0.014667372340788343
0.34999999999999964	0.3600000000000003	-0.014667372340788343	-0.014504415638767955
0.3600000000000003	0.3700000000000001	-0.014504415638767955	-0.014329953831557291
0.3700000000000001	0.3799999999999999	-0.014329953831557291	-0.014144106637721997
0.3799999999999999	0.3899999999999997	-0.014144106637721997	-0.01395291712015322
0.3899999999999997	0.40000000000000036	-0.01395291712015322	-0.01376537722343205
0.40000000000000036	0.41000000000000014	-0.01376537722343205	-0.013589225124051009
0.41000000000000014	0.41999999999999993	-0.013589225124051009	-0.013427209397205913
0.41999999999999993	0.4299999999999997	-0.013427209397205913	-0.01327535844042019
0.4299999999999997	0.4400000000000004	-0.01327535844042019	-0.01312405178007918
0.4400000000000004	0.4500000000000002	-0.01312405178007918	-0.012961628702708224
0.4500000000000002	0.45999999999999996	-0.012961628702708224	-0.012779276681772478
0.45999999999999996	0.46999999999999975	-0.012779276681772478	-0.01257538671996558
0.46999999999999975	0.4800000000000004	-0.01257538671996558	-0.012357661351297768
0.4800000000000004	0.4900000000000002	-0.012357661351297768	-0.012141996020883315
0.4900000000000002	0.5	-0.012141996020883315	-0.011948277060363721
0.5	0.5099999999999998	-0.011948277060363721	-0.011794355693044238
0.5099999999999998	0.5199999999999996	-0.011794355693044238	-0.011690167895724603
0.5199999999999996	0.5300000000000002	-0.011690167895724603	-0.011634011926958074
0.5300000000000002	0.54	-0.011634011926958074	-0.01161233830784382
0.54	0.5499999999999998	-0.01161233830784382	-0.011603265645731947
0.5499999999999998	0.5599999999999996	-0.011603265645731947	-0.01158279625249857
0.5599999999999996	0.5700000000000003	-0.01158279625249857	-0.011531791709059961
0.5700000000000003	0.5800000000000001	-0.011531791709059961	-0.011441493823797416
0.5800000000000001	0.5899999999999999	-0.011441493823797416	-0.011315835364307022
0.5899999999999999	0.5999999999999996	-0.011315835364307022	-0.01116982138992513
0.5999999999999996	0.6100000000000003	-0.01116982138992513	-0.011024524970822604
0.6100000000000003	0.6200000000000001	-0.011024524970822604	-0.010900307486918767
0.6200000000000001	0.6299999999999999	-0.010900307486918767	-0.010810394454425807
0.6299999999999999	0.6399999999999997	-0.010810394454425807	-0.010756755561864888
0.6399999999999997	0.6500000000000004	-0.010756755561864888	-0.010729435604374237
0.6500000000000004	0.6600000000000001	-0.010729435604374237	-0.010709349749165872
0.6600000000000001	0.6699999999999999	-0.010709349749165872	-0.010673480296046995
0.6699999999999999	0.6799999999999997	-0.010673480296046995	-0.01060074439391635
0.6799999999999997	0.6900000000000004	-0.01060074439391635	-0.01047673917131977
0.6900000000000004	0.7000000000000002	-0.01047673917131977	-0.010296093113162978
0.7000000000000002	0.71	-0.010296093113162978	-0.010062043184374068
0.71	0.7199999999999998	-0.010062043184374068	-0.009783787418583887
0.7199999999999998	0.7300000000000004	-0.009783787418583887	-0.009472813155001852
0.7300000000000004	0.7400000000000002	-0.009472813155001852	-0.009139573416932386
0.7400000000000002	0.75	-0.009139573416932386	-0.00879156291526898
0.75	0.7599999999999998	-0.00879156291526898	-0.008433192009645638
0.7599999999999998	0.7699999999999996	-0.008433192009645638	-0.008067138942663005
0.7699999999999996	0.7800000000000002	-0.008067138942663005	-0.007696346325069114
0.7800000000000002	0.79	-0.007696346325069114	-0.007325687917553765
0.79	0.7999999999999998	-0.007325687917553765	-0.006962582262153463
0.7999999999999998	0.8099999999999996	-0.006962582262153463	-0.006616336600578245
0.8099999999999996	0.8200000000000003	-0.006616336600578245	-0.006296545050231726
0.8200000000000003	0.8300000000000001	-0.006296545050231726	-0.0060112200846111985
0.8300000000000001	0.8399999999999999	-0.0060112200846111985	-0.00576537680146803
0.8399999999999999	0.8499999999999996	-0.00576537680146803	-0.005560522986540721
0.8499999999999996	0.8600000000000003	-0.005560522986540721	-0.005395069757733577
0.8600000000000003	0.8700000000000001	-0.005395069757733577	-0.005265269609587113
0.8700000000000001	0.8799999999999999	-0.005265269609587113	-0.005166093406568711
0.8799999999999999	0.8899999999999997	-0.005166093406568711	-0.00509156109236499
0.8899999999999997	0.9000000000000004	-0.00509156109236499	-0.005034395152479755
0.9000000000000004	0.9100000000000001	-0.005034395152479755	-0.004985309305124006
0.9100000000000001	0.9199999999999999	-0.004985309305124006	-0.004932568162692599
0.9199999999999999	0.9299999999999997	-0.004932568162692599	-0.004862488557881647
0.9299999999999997	0.9400000000000004	-0.004862488557881647	-0.004761247589109272
0.9400000000000004	0.9500000000000002	-0.004761247589109272	-0.00461780971431297
0.9500000000000002	0.96	-0.00461780971431297	-0.004427196068987511
0.96	0.9699999999999998	-0.004427196068987511	-0.0041929432689929505
0.9699999999999998	0.9800000000000004	-0.0041929432689929505	-0.003927626138927603
0.9800000000000004	0.9900000000000002	-0.003927626138927603	-0.00365079766579498
0.9900000000000002	1.0	-0.00365079766579498	-0.003384505959266278
1.0	1.0099999999999998	-0.003384505959266278	-0.003147418892866528
1.0099999999999998	1.0200000000000005	-0.003147418892866528	-0.002949208909427367
1.0200000000000005	1.0300000000000002	-0.002949208909427367	-0.0027869728263575262
1.0300000000000002	1.04	-0.0027869728263575262	-0.0026449937709630564
1.04	1.0499999999999998	-0.0026449937709630564	-0.0024982070662449866
1.0499999999999998	1.0599999999999996	-0.0024982070662449866	-0.0023185962058069783
1.0599999999999996	1.0700000000000003	-0.0023185962058069783	-0.002082788638804055
1.0700000000000003	1.08	-0.002082788638804055	-0.0017786705131984668
1.08	1.0899999999999999	-0.0017786705131984668	-0.0014090636062877252
1.0899999999999999	1.0999999999999996	-0.0014090636062877252	-0.0009913544775833876
1.0999999999999996	1.1100000000000003	-0.0009913544775833876	-0.0005531749057612612
1.1100000000000003	1.12	-0.0005531749057612612	-0.00012541920404923398
1.12	1.13	-0.00012541920404923398	0.0002653327642852931
1.13	1.1400000000000001	0.0002653327642852931	0.0006027872769066543
1.1400000000000001	1.15	0.0006027872769066543	0.0008836595141568943
1.15	1.1600000000000001	0.0008836595141568943	0.0011165558330694554
1.1600000000000001	1.17	0.0011165558330694554	0.001317622960613803
1.17	1.1800000000000002	0.001317622960613803	0.0015045285650289435
1.1800000000000002	1.19	0.0015045285650289435	0.001690754704235695
1.19	1.2000000000000002	0.001690754704235695	0.001881951931261578
1.2000000000000002	1.21	0.001881951931261578	0.0020753246136946506
1.21	1.2200000000000002	0.0020753246136946506	0.0022619784476021077
1.2200000000000002	1.23	0.0022619784476021077	0.002431212803742656
1.23	1.2400000000000002	0.002431212803742656	0.002575187494160464
1.2400000000000002	1.25	0.002575187494160464	0.0026923906432456696
1.25	1.2600000000000002	0.0026923906432456696	0.002788843357271354
1.2600000000000002	1.27	0.002788843357271354	0.002876791114193606
1.27	1.2800000000000002	0.002876791114193606	0.002971457327684994
1.2800000000000002	1.29	0.002971457327684994	0.003086996807011593
1.29	1.2999999999999998	0.003086996807011593	0.0032329236667820605
1.2999999999999998	1.31	0.0032329236667820605	0.0034119972846268325
1.31	1.3199999999999998	0.0034119972846268325	0.0036199762488896437
1.3199999999999998	1.33	0.0036199762488896437	0.0038470223731465625
1.33	1.3399999999999999	0.0038470223731465625	0.004080077428280787
1.3399999999999999	1.35	0.004080077428280787	0.0043053808674244996
1.35	1.3599999999999999	0.0043053808674244996	0.004510455983465722
1.3599999999999999	1.37	0.004510455983465722	0.004685254332093415
1.37	1.38	0.004685254332093415	0.004822538744169304
1.38	1.3900000000000001	0.004822538744169304	0.00491783912146446
1.3900000000000001	1.4	0.00491783912146446	0.004969344156702931
1.4	1.4100000000000001	0.004969344156702931	0.004977915412987826
1.4100000000000001	1.42	0.004977915412987826	0.004947139999308842
1.42	1.4300000000000002	0.004947139999308842	0.004883126397743366
1.4300000000000002	1.44	0.004883126397743366	0.004793717903910999
1.44	1.4500000000000002	0.004793717903910999	0.0046869877865087055
1.4500000000000002	1.46	0.0046869877865087055	0.004569222876759201
1.46	1.4700000000000002	0.004569222876759201	0.004442950730660717
1.4700000000000002	1.48	0.004442950730660717	0.004305752100169301
1.48	1.4900000000000002	0.004305752100169301	0.0041505084153045865
1.4900000000000002	1.5	0.0041505084153045865	0.0039673516217094435
1.5	1.5100000000000002	0.0039673516217094435	0.0037470188293131715
1.5100000000000002	1.52	0.0037470188293131715	0.003484761166885151
1.52	1.5300000000000002	0.003484761166885151	0.003183626551823667
1.5300000000000002	1.54	0.003183626551823667	0.002855978068331466
1.54	1.5499999999999998	0.002855978068331466	0.0025225473317203647
1.5499999999999998	1.56	0.0025225473317203647	0.002209037855006979
1.56	1.5699999999999998	0.002209037855006979	0.001941061833129927
1.5699999999999998	1.58	0.001941061833129927	0.0017387576305742912
1.58	1.5899999999999999	0.0017387576305742912	0.001612595227388403
1.5899999999999999	1.6	0.001612595227388403	0.001561563794115305
1.6	1.6099999999999999	0.001561563794115305	0.0015742385400087915
1.6099999999999999	1.62	0.0015742385400087915	0.0016323632551234549
1.62	1.63	0.0016323632551234549	0.0017158384623134886
1.63	1.6400000000000001	0.0017158384623134886	0.0018076141564631748
1.6400000000000001	1.65	0.0018076141564631748	0.0018970735612760248
1.65	1.6600000000000001	0.0018970735612760248	0.001981023544599647
1.6600000000000001	1.67	0.001981023544599647	0.0020621963658860164
1.67	1.6800000000000002	0.0020621963658860164	0.0021459528234407995
1.6800000000000002	1.69	0.0021459528234407995	0.0022364041440488206
1.69	1.7000000000000002	0.0022364041440488206	0.0023332789271213565
1.7000000000000002	1.71	0.0023332789271213565	0.002430536899047424
1.71	1.7200000000000002	0.002430536899047424	0.002517102340011299
1.7200000000000002	1.73	0.002517102340011299	0.0025793804878233954
1.73	1.7400000000000002	0.0025793804878233954	0.0026046679929458885
1.7400000000000002	1.75	0.0026046679929458885	0.002584344584888605
1.75	1.7600000000000002	0.002584344584888605	0.0025158873761857263
1.7600000000000002	1.77	0.0025158873761857263	0.002403201052958647
1.77	1.7800000000000002	0.002403201052958647	0.0022553318057634657
1.7800000000000002	1.79	0.0022553318057634657	0.0020841280369988165
1.79	1.7999999999999998	0.0020841280369988165	0.001901668797752101
1.7999999999999998	1.81	0.001901668797752101	0.0017182391992254572
1.81	1.8199999999999998	0.0017182391992254572	0.0015413374787002741
1.8199999999999998	1.83	0.0015413374787002741	0.0013757807423762855
1.83	1.8399999999999999	0.0013757807423762855	0.0012245948090916121
1.8399999999999999	1.85	0.0012245948090916121	0.0010901569832412333
1.85	1.8599999999999999	0.0010901569832412333	0.0009750643810305139
1.8599999999999999	1.87	0.0009750643810305139	0.000882394015597825
1.87	1.88	0.000882394015597825	0.0008153081434718445
1.88	1.8900000000000001	0.0008153081434718445	0.0007762208471123484
1.8900000000000001	1.9	0.0007762208471123484	0.000765885649342388
1.9	1.9100000000000001	0.000765885649342388	0.0007827528725266163
1.9100000000000001	1.92	0.0007827528725266163	0.000822807783128562
1.92	1.9300000000000002	0.000822807783128562	0.0008799098377934751
1.9300000000000002	1.94	0.0008799098377934751	0.0009464927571228542
1.94	1.9500000000000002	0.0009464927571228542	0.00101441174042749
1.9500000000000002	1.96	0.00101441174042749	0.0010757478228490235
1.96	1.9700000000000002	0.0010757478228490235	0.0011234647059745924
1.9700000000000002	1.98	0.0011234647059745924	0.0011519016945541038
1.98	1.9900000000000002	0.0011519016945541038	0.0011571272569480227
1.9900000000000002	2.0	0.0011571272569480227	0.0011371549617328058
2.0	2.0100000000000002	0.0011371549617328058	0.0010919631303629128
2.0100000000000002	2.02	0.0010919631303629128	0.0010232159923512021
2.02	2.0300000000000002	0.0010232159923512021	0.00093361091158649
2.0300000000000002	2.04	0.00093361091158649	0.0008258941019980044
2.04	2.05	0.0008258941019980044	0.000701765667526057
2.05	2.06	0.000701765667526057	0.0005610571765356526
2.06	2.07	0.0005610571765356526	0.00040161773568904956
2.07	2.08	0.00040161773568904956	0.00022021977228521387
2.08	2.09	0.00022021977228521387	1.4489750406932247e-05
2.09	2.1	1.4489750406932247e-05	-0.00021454126254888406
2.1	2.11	-0.00021454126254888406	-0.0004600453981642369
2.11	2.12	-0.0004600453981642369	-0.0007081186279664737
2.12	2.13	-0.0007081186279664737	-0.0009384318964462913
2.13	2.14	-0.0009384318964462913	-0.0011271619637998652
2.14	2.15	-0.0011271619637998652	-0.001251854112570036
2.15	2.16	-0.001251854112570036	-0.0012971483310685594
2.16	2.17	-0.0012971483310685594	-0.0012598034675432319
2.17	2.18	-0.0012598034675432319	-0.0011513854827054455
2.18	2.19	-0.0011513854827054455	-0.0009974322146999968
2.19	2.2	-0.0009974322146999968	-0.0008327908807480629
2.2	2.21	-0.0008327908807480629	-0.0006939149892157895
2.21	2.22	-0.0006939149892157895	-0.0006098828879023063
2.22	2.23	-0.0006098828879023063	-0.0005944474642127851
2.23	2.24	-0.0005944474642127851	-0.0006413431782403669
2.24	2.25	-0.0006413431782403669	-0.000724343390520227
2.25	2.2600000000000002	-0.000724343390520227	-0.000802357374536186
2.2600000000000002	2.27	-0.000802357374536186	-0.0008285127192509253
2.27	2.2800000000000002	-0.0008285127192509253	-0.0007610681169616584
2.2800000000000002	2.29	-0.0007610681169616584	-0.0005734631042205373
2.29	2.3000000000000003	-0.0005734631042205373	-0.00026099295404921445
2.3000000000000003	2.31	-0.00026099295404921445	0.0001575524780720785
2.31	2.32	0.0001575524780720785	0.0006436696447043901
2.32	2.33	0.0006436696447043901	0.001147378025083426
2.33	2.34	0.001147378025083426	0.0016178937978408997
2.34	2.35	0.0016178937978408997	0.0020142221175712387
2.35	2.36	0.0020142221175712387	0.0023132991039696744
2.36	2.37	0.0023132991039696744	0.0025140234616193354
2.37	2.38	0.0025140234616193354	0.0026365556981854353
2.38	2.39	0.0026365556981854353	0.0027173399510049302
2.39	2.4	0.0027173399510049302	0.002801158091327919
2.4	2.41	0.002801158091327919	0.002931993782769057
2.41	2.42	0.002931993782769057	0.0031445265307230956
2.42	2.43	0.0031445265307230956	0.0034577635778907847
2.43	2.44	0.0034577635778907847	0.003871785840637942
2.44	2.45	0.003871785840637942	0.004367976699873257
2.45	2.46	0.004367976699873257	0.004912529460669649
2.46	2.47	0.004912529460669649	0.0054625512323634145
2.47	2.48	0.0054625512323634145	0.005973719849921512
2.48	2.49	0.005973719849921512	0.006408215882070779
2.49	2.5	0.006408215882070779	0.006741564736141015
2.5	2.5100000000000002	0.006741564736141015	0.006967122802356425
2.5100000000000002	2.52	0.006967122802356425	0.007097265305385613
2.52	2.5300000000000002	0.007097265305385613	0.007160888170425589
2.5300000000000002	2.54	0.007160888170425589	0.007197562919707894
2.54	2.5500000000000003	0.007197562919707894	0.007249446434081782
2.5500000000000003	2.56	0.007249446434081782	0.007352653954177845
2.56	2.57	0.007352653954177845	0.00753005800633556
2.57	2.58	0.00753005800633556	0.007787248041900684
2.58	2.59	0.007787248041900684	0.008112672038899725
2.59	2.6	0.008112672038899725	0.008481930662790182
2.6	2.61	0.008481930662790182	0.00886508162442343
2.61	2.62	0.00886508162442343	0.00923496283750231
2.62	2.63	0.00923496283750231	0.009574232649351377
2.63	2.64	0.009574232649351377	0.009879180450829871
2.64	2.65	0.009879180450829871	0.010159304845236986
2.65	2.66	0.010159304845236986	0.010432919695054669
2.66	2.67	0.010432919695054669	0.010720245202135291
2.67	2.68	0.010720245202135291	0.011036191965575981
2.68	2.69	0.011036191965575981	0.011385103564608205
2.69	2.7	0.011385103564608205	0.01175906088215389
2.7	2.71	0.01175906088215389	0.012140178981774451
2.71	2.72	0.012140178981774451	0.01250602721459523
2.72	2.73	0.01250602721459523	0.012836304884393954
2.73	2.74	0.012836304884393954	0.013118540047687716
2.74	2.75	0.013118540047687716	0.013350967390030402
2.75	2.7600000000000002	0.013350967390030402	0.01354174634445618
2.7600000000000002	2.77	0.01354174634445618	0.013704955109000196
2.77	2.7800000000000002	0.013704955109000196	0.013854899591788525
2.7800000000000002	2.79	0.013854899591788525	0.014000827736378344
2.79	2.8000000000000003	0.014000827736378344	0.01414395096946798
2.8000000000000003	2.81	0.01414395096946798	0.014277816755257931
2.81	2.82	0.014277816755257931	0.014391855632708634
2.82	2.83	0.014391855632708634	0.014476776570474876
2.83	2.84	0.014476776570474876	0.014529814329104832
2.84	2.85	0.014529814329104832	0.014557879424989213
2.85	2.86	0.014557879424989213	0.014577407157053798
2.86	2.87	0.014577407157053798	0.014610878979710772
2.87	2.88	0.014610878979710772	0.014681174678346953
2.88	2.89	0.014681174678346953	0.014805681394231881
2.89	2.9	0.014805681394231881	0.014992159567707351
2.9	2.91	0.014992159567707351	0.015237720388811
2.91	2.92	0.015237720388811	0.015531138928665901
2.92	2.93	0.015531138928665901	0.01585752314741673
2.93	2.94	0.01585752314741673	0.016203521282049667
2.94	2.95	0.016203521282049667	0.01656108718252313
2.95	2.96	0.01656108718252313	0.016928398540454644
2.96	2.97	0.016928398540454644	0.01730762966106424
2.97	2.98	0.01730762966106424	0.017700513488971486
2.98	2.99	0.017700513488971486	0.01810352950893987
2.99	3.0	0.01810352950893987	0.01850478137745454
3.0	3.0100000000000002	0.01850478137745454	0.01888407857117656
3.0100000000000002	3.02	0.01888407857117656	0.01921659088852784
3.02	3.0300000000000002	0.01921659088852784	0.019479106932844093
3.0300000000000002	3.04	0.019479106932844093	0.01965688207097542
3.04	3.0500000000000003	0.01965688207097542	0.019748699279972727
3.0500000000000003	3.06	0.019748699279972727	0.019768243291062686
3.06	3.0700000000000003	0.019768243291062686	0.019741063257171364
3.0700000000000003	3.08	0.019741063257171364	0.019697878131042554
3.08	3.09	0.019697878131042554	0.019666251016614237
3.09	3.1	0.019666251016614237	0.019663274315666807
3.1	3.11	0.019663274315666807	0.01969163770940623
3.11	3.12	0.01969163770940623	0.019740371268889372
3.12	3.13	0.019740371268889372	0.01979002314833743
3.13	3.14	0.01979002314833743	0.019820562212228502
3.14	3.1500000000000004	0.019820562212228502	0.01981938926739812
3.1500000000000004	3.16	0.01981938926739812	0.019786804483994315
3.16	3.17	0.019786804483994315	0.019737124454179383
3.17	3.18	0.019737124454179383	0.019695081570041753
3.18	3.1900000000000004	0.019695081570041753	0.01968868323907147
3.1900000000000004	3.2	0.01968868323907147	0.0197408409138665
3.2	3.21	0.0197408409138665	0.01986242854013979
3.21	3.2199999999999998	0.01986242854013979	0.020048898441472146
3.2199999999999998	3.23	0.020048898441472146	0.020281372140341567
3.23	3.24	0.020281372140341567	0.020531661151272137
3.24	3.25	0.020531661151272137	0.02076945777218975
3.25	3.26	0.02076945777218975	0.020969366102726598
3.26	3.27	0.020969366102726598	0.02111568060335776
3.27	3.2800000000000002	0.02111568060335776	0.021203740540630917
3.2800000000000002	3.29	0.021203740540630917	0.02123793865138157
3.29	3.3	0.02123793865138157	0.021227586983882076
3.3	3.31	0.021227586983882076	0.021182452491198097
3.31	3.3200000000000003	0.021182452491198097	0.021109680870055457
3.3200000000000003	3.33	0.021109680870055457	0.021013102281411768
3.33	3.34	0.021013102281411768	0.020894856650083744
3.34	3.35	0.020894856650083744	0.020758300043720274
3.35	3.3600000000000003	0.020758300043720274	0.02061062611609601
3.3600000000000003	3.37	0.02061062611609601	0.02046375045099771
3.37	3.38	0.02046375045099771	0.020332709812552398
3.38	3.39	0.020332709812552398	0.020231850675693518
3.39	3.4000000000000004	0.020231850675693518	0.020170031864815315
3.4000000000000004	3.41	0.020170031864815315	0.020146581415498507
3.41	3.42	0.020146581415498507	0.02014962494353784
3.42	3.43	0.02014962494353784	0.02015767297766631
3.43	3.4400000000000004	0.02015767297766631	0.020144271141199516
3.4400000000000004	3.45	0.020144271141199516	0.020084462801342805
3.45	3.46	0.020084462801342805	0.019961163200741882
3.46	3.4699999999999998	0.019961163200741882	0.019769528622550093
3.4699999999999998	3.48	0.019769528622550093	0.019518030734526008
3.48	3.49	0.019518030734526008	0.019225996738426548
3.49	3.5	0.019225996738426548	0.01891848677112952
3.5	3.51	0.01891848677112952	0.01862017249671423
3.51	3.52	0.01862017249671423	0.018350094682175067
3.52	3.5300000000000002	0.018350094682175067	0.018118759833487954
3.5300000000000002	3.54	0.018118759833487954	0.01792815482352176
3.54	3.55	0.01792815482352176	0.01777423808211446
3.55	3.56	0.01777423808211446	0.017650667811234477
3.56	3.5700000000000003	0.017650667811234477	0.017552221514903172
3.5700000000000003	3.58	0.017552221514903172	0.017476631802229376
3.58	3.59	0.017476631802229376	0.01742428647659258
3.59	3.6	0.01742428647659258	0.017396133429051393
3.6	3.6100000000000003	0.017396133429051393	0.01739085762890065
3.6100000000000003	3.62	0.01739085762890065	0.017402693245173656
3.62	3.63	0.017402693245173656	0.017420997053280807
3.63	3.64	0.017420997053280807	0.01743203457342837
3.64	3.6500000000000004	0.01743203457342837	0.017422570401964408
3.6500000000000004	3.66	0.017422570401964408	0.017384125051807437
3.66	3.67	0.017384125051807437	0.017316427437776595
3.67	3.68	0.017316427437776595	0.017228775612773292
3.68	3.6900000000000004	0.017228775612773292	0.017138655120993634
3.6900000000000004	3.7	0.017138655120993634	0.01706783367461785
3.7	3.71	0.01706783367461785	0.017036956106454403
3.71	3.7199999999999998	0.017036956106454403	0.01706013740245023
3.7199999999999998	3.73	0.01706013740245023	0.01714104727335385
3.73	3.74	0.01714104727335385	0.017271516169248796
3.74	3.75	0.017271516169248796	0.01743294012315385
3.75	3.76	0.01743294012315385	0.01759997550064155
3.76	3.77	0.01759997550064155	0.017745442700894887
3.77	3.7800000000000002	0.017745442700894887	0.017845157406403817
3.7800000000000002	3.79	0.017845157406403817	0.01788159958394411
3.79	3.8	0.01788159958394411	0.017845803277681992
3.8	3.81	0.017845803277681992	0.01773741380324137
3.81	3.8200000000000003	0.01773741380324137	0.017563318661829735
3.8200000000000003	3.83	0.017563318661829735	0.017335485693656064
3.83	3.84	0.017335485693656064	0.017068612772121503
3.84	3.85	0.017068612772121503	0.016777983880313513
3.85	3.8600000000000003	0.016777983880313513	0.016477669922397645
3.8600000000000003	3.87	0.016477669922397645	0.016179037562581246
3.87	3.88	0.016179037562581246	0.015889504843103204
3.88	3.89	0.015889504843103204	0.015611592420977378
3.89	3.9000000000000004	0.015611592420977378	0.015342475767330697
3.9000000000000004	3.91	0.015342475767330697	0.01507433037414942
3.91	3.92	0.01507433037414942	0.014795691224350576
3.92	3.93	0.014795691224350576	0.014493804850372237
3.93	3.9400000000000004	0.014493804850372237	0.014157608863411483
3.9400000000000004	3.95	0.014157608863411483	0.01378066335908034
3.95	3.96	0.01378066335908034	0.013363223347620246
3.96	3.9699999999999998	0.013363223347620246	0.012912771637176797
3.9699999999999998	3.98	0.012912771637176797	0.012442722217909985
3.98	3.99	0.012442722217909985	0.01196954664317558
3.99	4.0	0.01196954664317558	0.011509091407406712
4.0	4.01	0.011509091407406712	0.011073156806352312
4.01	4.02	0.011073156806352312	0.010667373710283212
4.02	4.03	0.010667373710283212	0.010291033280505825
4.03	4.04	0.010291033280505825	0.009938908376027199
4.04	4.05	0.009938908376027199	0.00960445532383752
4.05	4.0600000000000005	0.00960445532383752	0.009283322056729437
4.0600000000000005	4.07	0.009283322056729437	0.008975976472840146
4.07	4.08	0.008975976472840146	0.008688552850400141
4.08	4.09	0.008688552850400141	0.008431603733669621
4.09	4.1	0.008431603733669621	0.008217142857973016
4.1	4.11	0.008217142857973016	0.008054935685747631
4.11	4.12	0.008054935685747631	0.007949245570305269
4.12	4.13	0.007949245570305269	0.007897093204188636
4.13	4.140000000000001	0.007897093204188636	0.007888590610534686
4.140000000000001	4.15	0.007888590610534686	0.007909241330224588
4.15	4.16	0.007909241330224588	0.00794348365321922
4.16	4.17	0.00794348365321922	0.007978396622160051
4.17	4.18	0.007978396622160051	0.00800649705480969
4.18	4.19	0.00800649705480969	0.008026908446875005
4.19	4.2	0.008026908446875005	0.00804474056942438
4.2	4.21	0.00804474056942438	0.008069079481892363
4.21	4.22	0.008069079481892363	0.008110360037361618
4.22	4.23	0.008110360037361618	0.008177963999025067
4.23	4.24	0.008177963999025067	0.008278659337865351
4.24	4.25	0.008278659337865351	0.008416081477071478
4.25	4.26	0.008416081477071478	0.008591028508595146
4.26	4.2700000000000005	0.008591028508595146	0.008802067100688937
4.2700000000000005	4.28	0.008802067100688937	0.009045922032714135
4.28	4.29	0.009045922032714135	0.009317343733638815
4.29	4.3	0.009317343733638815	0.009608509822300638
4.3	4.3100000000000005	0.009608509822300638	0.009908358093646336
4.3100000000000005	4.32	0.009908358093646336	0.010202418036653945
4.32	4.33	0.010202418036653945	0.010473622908991856
4.33	4.34	0.010473622908991856	0.010704263622230273
4.34	4.35	0.010704263622230273	0.010878803985097274
4.35	4.36	0.010878803985097274	0.010986881908840899
4.36	4.37	0.010986881908840899	0.011025630318672437
4.37	4.38	0.011025630318672437	0.011000551809216715
4.38	4.390000000000001	0.011000551809216715	0.010924555316157453
4.390000000000001	4.4	0.010924555316157453	0.010815294163810055
4.4	4.41	0.010815294163810055	0.010691456913936144
4.41	4.42	0.010691456913936144	0.010568983270236667
4.42	4.43	0.010568983270236667	0.010458199160247102
4.43	4.44	0.010458199160247102	0.010362581951560229
4.44	4.45	0.010362581951560229	0.010279374661628909
4.45	4.46	0.010279374661628909	0.010201729773404156
4.46	4.47	0.010201729773404156	0.010121650579593817
4.47	4.48	0.010121650579593817	0.01003283283114283
4.48	4.49	0.01003283283114283	0.00993262555026126
4.49	4.5	0.00993262555026126	0.009822666898532985
4.5	4.51	0.009822666898532985	0.009708182174689065
4.51	4.5200000000000005	0.009708182174689065	0.00959631180511825
4.5200000000000005	4.53	0.00959631180511825	0.00949405625690235
4.53	4.54	0.00949405625690235	0.009406438529605383
4.54	4.55	0.009406438529605383	0.009335323988251498
4.55	4.5600000000000005	0.009335323988251498	0.009279085578703342
4.5600000000000005	4.57	0.009279085578703342	0.009233058293392733
4.57	4.58	0.009233058293392733	0.009190564000538276
4.58	4.59	0.009190564000538276	0.009144231754512514
4.59	4.6	0.009144231754512514	0.009087365738656289
4.6	4.61	0.009087365738656289	0.009015171250094326
4.61	4.62	0.009015171250094326	0.008925690190224236
4.62	4.63	0.008925690190224236	0.008820303003950265
4.63	4.640000000000001	0.008820303003950265	0.008703644848267581
4.640000000000001	4.65	0.008703644848267581	0.00858280747063896
4.65	4.66	0.00858280747063896	0.00846579991781811
4.66	4.67	0.00846579991781811	0.008359431847758534
4.67	4.68	0.008359431847758534	0.00826702160649246
4.68	4.69	0.00826702160649246	0.00818652958961218
4.69	4.7	0.00818652958961218	0.008109772308513827
4.7	4.71	0.008109772308513827	0.008023210183510581
4.71	4.72	0.008023210183510581	0.007910419400557495
4.72	4.73	0.007910419400557495	0.007755841364589847
4.73	4.74	0.007755841364589847	0.007548911464509003
4.74	4.75	0.007548911464509003	0.007287384824124662
4.75	4.76	0.007287384824124662	0.006978739984423133
4.76	4.7700000000000005	0.006978739984423133	0.006638988045863572
4.7700000000000005	4.78	0.006638988045863572	0.006288948105884158
4.78	4.79	0.006288948105884158	0.005948857901479237
4.79	4.8	0.005948857901479237	0.005632806369923282
4.8	4.8100000000000005	0.005632806369923282	0.005344673064369124
4.8100000000000005	4.82	0.005344673064369124	0.0050769295083644955
4.82	4.83	0.0050769295083644955	0.0048128617333659494
4.83	4.84	0.0048128617333659494	0.004531737403730788
4.84	4.85	0.004531737403730788	0.004215489714003802
4.85	4.86	0.004215489714003802	0.0038549420855218
4.86	4.87	0.0038549420855218	0.0034536551237472433
4.87	4.88	0.0034536551237472433	0.003028150852104297
4.88	4.89	0.003028150852104297	0.0026043637744652976
4.89	4.9	0.0026043637744652976	0.002211339899004485
4.9	4.91	0.002211339899004485	0.001874071609141494
4.91	4.92	0.001874071609141494	0.0016076268549235651
4.92	4.93	0.0016076268549235651	0.0014143066803162414
4.93	4.94	0.0014143066803162414	0.0012845780585778767
4.94	4.95	0.0012845780585778767	0.0012013034179854162
4.95	4.96	0.0012013034179854162	0.0011457328567747345
4.96	4.97	0.0011457328567747345	0.0011031948278093905
4.97	4.98	0.0011031948278093905	0.0010665945601248308
4.98	4.99	0.0010665945601248308	0.0010366451777055682
4.99	5.0	0.0010366451777055682	0.0010189315822522992
5.0	5.01	0.0010189315822522992	0.0010190335933956442
5.01	5.0200000000000005	0.0010190335933956442	0.0010376200645211449
5.0200000000000005	5.03	0.0010376200645211449	0.0010674297749414148
5.03	5.04	0.0010674297749414148	0.0010933754817767424
5.04	5.05	0.0010933754817767424	0.0010958822836674154
5.05	5.0600000000000005	0.0010958822836674154	0.0010563962378532885
5.0600000000000005	5.07	0.0010563962378532885	0.0009631896709095117
5.07	5.08	0.0009631896709095117	0.0008154349216836776
5.08	5.09	0.0008154349216836776	0.0006240779158868965
5.09	5.1000000000000005	0.0006240779158868965	0.0004091244575076657
5.1000000000000005	5.11	0.0004091244575076657	0.00019417730061418656
5.11	5.12	0.00019417730061418656	0.0
